#(carId,StartTime,RoadId...)
(9193, 2, 510, 511, 512)
(9194, 2, 510, 511, 512)
(9195, 2, 510, 511, 512)
(9196, 2, 510, 511, 512)
(9197, 2, 510, 511, 512)
(9198, 2, 510, 511, 512)
(9199, 2, 510, 511, 512)
(9200, 2, 510, 511, 512)
(9201, 2, 510, 511, 512)
(9202, 2, 510, 511, 512)
(9203, 2, 510, 511, 512)
(9204, 2, 510, 511, 512)
(9205, 2, 510, 511, 512)
(9206, 2, 510, 511, 512)
(9207, 2, 510, 511, 512)
(9208, 2, 510, 511, 512)
(9209, 2, 510, 511, 512)
(9210, 2, 510, 511, 512)
(9211, 2, 510, 511, 512)
(9212, 2, 510, 511, 512)
(9213, 2, 510, 511, 512)
(9214, 2, 510, 511, 512)
(9215, 2, 510, 511, 512)
(9216, 2, 510, 511, 512)
(9217, 2, 510, 511, 512)
(9218, 2, 510, 511, 512)
(9219, 2, 510, 511, 512)
(9220, 2, 510, 511, 512)
(9221, 2, 510, 511, 512)
(9222, 2, 510, 511, 512)
(9223, 2, 510, 511, 512)
(9224, 2, 510, 511, 512)
(9225, 2, 510, 511, 512)
(9226, 2, 510, 511, 512)
(9227, 2, 510, 511, 512)
(9228, 2, 510, 511, 512)
(9229, 2, 510, 511, 512)
(9230, 2, 510, 511, 512)
(9231, 2, 510, 511, 512)
(9232, 2, 510, 511, 512)
(9233, 2, 510, 511, 512)
(9234, 2, 510, 511, 512)
(9235, 2, 510, 511, 512)
(9236, 2, 510, 511, 512)
(9237, 2, 510, 511, 512)
(9238, 2, 510, 511, 512)
(9239, 2, 510, 511, 512)
(9240, 2, 510, 511, 512)
(9241, 2, 510, 511, 512)
(9242, 2, 510, 511, 512)
(9243, 2, 510, 511, 512)
(9244, 2, 510, 511, 512)
(9245, 2, 510, 511, 512)
(9246, 2, 510, 511, 512)
(9247, 2, 510, 511, 512)
(9248, 2, 510, 511, 512)
(9249, 2, 510, 511, 512)
(9250, 2, 510, 511, 512)
(9251, 2, 510, 511, 512)
(9252, 2, 510, 511, 512)
(9253, 2, 510, 511, 512)
(9254, 2, 510, 511, 512)
(9255, 2, 510, 511, 512)
(9256, 2, 510, 511, 512)
(9257, 2, 510, 511, 512)
(9258, 2, 510, 511, 512)
(9259, 2, 510, 511, 512)
(9260, 2, 510, 511, 512)
(9261, 2, 510, 511, 512)
(9262, 2, 510, 511, 512)
(9263, 2, 510, 511, 512)
(9264, 2, 510, 511, 512)
(9265, 2, 510, 511, 512)
(9266, 2, 510, 511, 512)
(9267, 2, 510, 511, 512)
(9268, 2, 510, 511, 512)
(9269, 2, 510, 511, 512)
(9270, 2, 510, 511, 512)
(9271, 2, 510, 511, 512)
(9272, 2, 510, 511, 512)
(9273, 2, 510, 511, 512)
(9274, 2, 510, 511, 512)
(9275, 2, 510, 511, 512)
(9276, 2, 510, 511, 512)
(9277, 2, 510, 511, 512)
(9278, 2, 510, 511, 512)
(9279, 2, 510, 511, 512)
(9280, 2, 510, 511, 512)
(9281, 2, 510, 511, 512)
(9282, 2, 510, 511, 512)
(9283, 2, 510, 511, 512)
(9284, 2, 510, 511, 512)
(9285, 2, 510, 511, 512)
(9286, 2, 510, 511, 512)
(9287, 2, 510, 511, 512)
(9288, 2, 510, 511, 512)
(9289, 2, 510, 511, 512)
(9290, 2, 510, 511, 512)
(9291, 2, 510, 511, 512)
(9292, 2, 510, 511, 512)
(9293, 2, 510, 511, 512)
(9294, 2, 510, 511, 512)
(9295, 2, 510, 511, 512)
(9296, 2, 510, 511, 512)
(9297, 2, 510, 511, 512)
(9298, 2, 510, 511, 512)
(9299, 2, 510, 511, 512)
(9300, 2, 510, 511, 512)
(9301, 2, 510, 511, 512)
(9302, 2, 510, 511, 512)
(9303, 2, 510, 511, 512)
(9304, 2, 510, 511, 512)
(9305, 2, 510, 511, 512)
(9306, 2, 510, 511, 512)
(9307, 2, 510, 511, 512)
(9308, 2, 510, 511, 512)
(9309, 2, 510, 511, 512)
(9310, 2, 510, 511, 512)
(9311, 2, 510, 511, 512)
(9312, 2, 510, 511, 512)
(9313, 2, 510, 511, 512)
(9314, 2, 510, 511, 512)
(9315, 2, 510, 511, 512)
(9316, 2, 510, 511, 512)
(9317, 2, 510, 511, 512)
(9318, 2, 510, 511, 512)
(9319, 2, 510, 511, 512)
(9320, 2, 510, 511, 512)
(9321, 2, 510, 511, 512)
(9322, 2, 510, 511, 512)
(9323, 2, 510, 511, 512)
(9324, 2, 510, 511, 512)
(9325, 2, 510, 511, 512)
(9326, 2, 510, 511, 512)
(9327, 2, 510, 511, 512)
(9328, 2, 510, 511, 512)
(9329, 2, 510, 511, 512)
(9330, 2, 510, 511, 512)
(9331, 2, 510, 511, 512)
(9332, 2, 510, 511, 512)
(9333, 2, 510, 511, 512)
(9334, 2, 510, 511, 512)
(9335, 2, 510, 511, 512)
(9336, 2, 510, 511, 512)
(9337, 2, 510, 511, 512)
(9338, 2, 510, 511, 512)
(9339, 2, 510, 511, 512)
(9340, 2, 510, 511, 512)
(9341, 2, 510, 511, 512)
(9342, 2, 510, 511, 512)
(9343, 2, 510, 511, 512)
(9344, 2, 510, 511, 512)
(9345, 2, 510, 511, 512)
(9346, 2, 510, 511, 512)
(9347, 2, 510, 511, 512)
(9348, 2, 510, 511, 512)
(9349, 2, 510, 511, 512)
(9350, 2, 510, 511, 512)
(9351, 2, 510, 511, 512)
(9352, 2, 510, 511, 512)
(9353, 2, 510, 511, 512)
(9354, 2, 510, 511, 512)
(9355, 2, 510, 511, 512)
(9356, 2, 510, 511, 512)
(9357, 2, 510, 511, 512)
(9358, 2, 510, 511, 512)
(9359, 2, 510, 511, 512)
(9360, 2, 510, 511, 512)
(9361, 2, 510, 511, 512)
(9362, 2, 510, 511, 512)
(9363, 2, 510, 511, 512)
(9364, 2, 510, 511, 512)
(9365, 2, 510, 511, 512)
(9366, 2, 510, 511, 512)
(9367, 2, 510, 511, 512)
(9368, 2, 510, 511, 512)
(9369, 2, 510, 511, 512)
(9370, 2, 510, 511, 512)
(9371, 2, 510, 511, 512)
(9372, 2, 510, 511, 512)
(9373, 2, 510, 511, 512)
(9374, 2, 510, 511, 512)
(9375, 2, 510, 511, 512)
(9376, 2, 510, 511, 512)
(9377, 2, 510, 511, 512)
(9378, 2, 510, 511, 512)
(9379, 2, 510, 511, 512)
(9380, 2, 510, 511, 512)
(9381, 2, 510, 511, 512)
(9382, 2, 510, 511, 512)
(9383, 2, 510, 511, 512)
(9384, 2, 510, 511, 512)
(9385, 2, 510, 511, 512)
(9386, 2, 510, 511, 512)
(9387, 2, 510, 511, 512)
(9388, 2, 510, 511, 512)
(9389, 2, 510, 511, 512)
(9390, 2, 510, 511, 512)
(9391, 2, 510, 511, 512)
(9392, 2, 510, 511, 512)
(9393, 2, 510, 511, 512)
(9394, 2, 510, 511, 512)
(9395, 2, 510, 511, 512)
(9396, 2, 510, 511, 512)
(9397, 2, 510, 511, 512)
(9398, 2, 510, 511, 512)
(9399, 2, 510, 511, 512)
(9400, 2, 510, 511, 512)
(9401, 2, 510, 511, 512)
(9402, 2, 510, 511, 512)
(9403, 2, 510, 511, 512)
(9404, 2, 510, 511, 512)
(9405, 2, 510, 511, 512)
(9406, 2, 510, 511, 512)
(9407, 2, 510, 511, 512)
(9408, 2, 510, 511, 512)
(9409, 2, 510, 511, 512)
(9410, 2, 510, 511, 512)
(9411, 2, 510, 511, 512)
(9412, 2, 510, 511, 512)
(9413, 2, 510, 511, 512)
(9414, 2, 510, 511, 512)
(9415, 2, 510, 511, 512)
(9416, 2, 510, 511, 512)
(9417, 2, 510, 511, 512)
(9418, 2, 510, 511, 512)
(9419, 2, 510, 511, 512)
(9420, 2, 510, 511, 512)
(9421, 2, 510, 511, 512)
(9422, 2, 510, 511, 512)
(9423, 2, 510, 511, 512)
(9424, 2, 510, 511, 512)
(9425, 2, 510, 511, 512)
(9426, 2, 510, 511, 512)
(9427, 2, 510, 511, 512)
(9428, 2, 510, 511, 512)
(9429, 2, 510, 511, 512)
(9430, 2, 510, 511, 512)
(9431, 2, 510, 511, 512)
(9432, 2, 510, 511, 512)
(9433, 2, 510, 511, 512)
(9434, 2, 510, 511, 512)
(9435, 2, 510, 511, 512)
(9436, 2, 510, 511, 512)
(9437, 2, 510, 511, 512)
(9438, 2, 510, 511, 512)
(9439, 2, 510, 511, 512)
(9440, 2, 510, 511, 512)
(9441, 2, 510, 511, 512)
(9442, 2, 510, 511, 512)
(9443, 2, 510, 511, 512)
(9444, 2, 510, 511, 512)
(9445, 2, 510, 511, 512)
(9446, 2, 510, 511, 512)
(9447, 2, 510, 511, 512)
(9448, 2, 510, 511, 512)
(9449, 2, 510, 511, 512)
(9450, 2, 510, 511, 512)
(9451, 2, 510, 511, 512)
(9452, 2, 510, 511, 512)
(9453, 2, 510, 511, 512)
(9454, 2, 510, 511, 512)
(9455, 2, 510, 511, 512)
(9456, 2, 510, 511, 512)
(9457, 2, 510, 511, 512)
(9458, 2, 510, 511, 512)
(9459, 2, 510, 511, 512)
(9460, 2, 510, 511, 512)
(9461, 2, 510, 511, 512)
(9462, 2, 510, 511, 512)
(9463, 2, 510, 511, 512)
(9464, 2, 510, 511, 512)
(9465, 2, 510, 511, 512)
(9466, 2, 510, 511, 512)
(9467, 2, 510, 511, 512)
(9468, 2, 510, 511, 512)
(9469, 2, 510, 511, 512)
(9470, 2, 510, 511, 512)
(9471, 2, 510, 511, 512)
(9472, 2, 510, 511, 512)
(9473, 2, 510, 511, 512)
(9474, 2, 510, 511, 512)
(9475, 2, 510, 511, 512)
(9476, 2, 510, 511, 512)
(9477, 2, 510, 511, 512)
(9478, 2, 510, 511, 512)
(9479, 2, 510, 511, 512)
(9480, 2, 510, 511, 512)
(9481, 2, 510, 511, 512)
(9482, 2, 510, 511, 512)
(9483, 2, 510, 511, 512)
(9484, 2, 510, 511, 512)
(9485, 2, 510, 511, 512)
(9486, 2, 510, 511, 512)
(9487, 2, 510, 511, 512)
(9488, 2, 510, 511, 512)
(9489, 2, 510, 511, 512)
(9490, 2, 510, 511, 512)
(9491, 2, 510, 511, 512)
(9492, 2, 510, 511, 512)
(9493, 2, 510, 511, 512)
(9494, 2, 510, 511, 512)
(9495, 2, 510, 511, 512)
(9496, 2, 510, 511, 512)
(9497, 2, 510, 511, 512)
(9498, 2, 510, 511, 512)
(9499, 2, 510, 511, 512)
(9500, 2, 510, 511, 512)
(9501, 2, 510, 511, 512)
(9502, 2, 510, 511, 512)
(9503, 2, 510, 511, 512)
(9504, 2, 510, 511, 512)
(9505, 2, 510, 511, 512)
(9506, 2, 510, 511, 512)
(9507, 2, 510, 511, 512)
(9508, 2, 510, 511, 512)
(9509, 2, 510, 511, 512)
(9510, 2, 510, 511, 512)
(9511, 2, 510, 511, 512)
(9512, 2, 510, 511, 512)
(9513, 2, 510, 511, 512)
(9514, 2, 510, 511, 512)
(9515, 2, 510, 511, 512)
(9516, 2, 510, 511, 512)
(9517, 2, 510, 511, 512)
(9518, 2, 510, 511, 512)
(9519, 2, 510, 511, 512)
(9520, 2, 510, 511, 512)
(9521, 2, 510, 511, 512)
(9522, 2, 510, 511, 512)
(9523, 2, 510, 511, 512)
(9524, 2, 510, 511, 512)
(9525, 2, 510, 511, 512)
(9526, 2, 510, 511, 512)
(9527, 2, 510, 511, 512)
(9528, 2, 510, 511, 512)
(9529, 2, 510, 511, 512)
(9530, 2, 510, 511, 512)
(9531, 2, 510, 511, 512)
(9532, 2, 510, 511, 512)
(9533, 2, 510, 511, 512)
(9534, 2, 510, 511, 512)
(9535, 2, 510, 511, 512)
(9536, 2, 510, 511, 512)
(9537, 2, 510, 511, 512)
(9538, 2, 510, 511, 512)
(9539, 2, 510, 511, 512)
(9540, 2, 510, 511, 512)
(9541, 2, 510, 511, 512)
(9542, 2, 510, 511, 512)
(9543, 2, 510, 511, 512)
(9544, 2, 510, 511, 512)
(9545, 2, 510, 511, 512)
(9546, 2, 510, 511, 512)
(9547, 2, 510, 511, 512)
(9548, 2, 510, 511, 512)
(9549, 2, 510, 511, 512)
(9550, 2, 510, 511, 512)
(9551, 2, 510, 511, 512)
(9552, 2, 510, 511, 512)
(9553, 2, 510, 511, 512)
(9554, 2, 510, 511, 512)
(9555, 2, 510, 511, 512)
(9556, 2, 510, 511, 512)
(9557, 2, 510, 511, 512)
(9558, 2, 510, 511, 512)
(9559, 2, 510, 511, 512)
(9560, 2, 510, 511, 512)
(9561, 2, 510, 511, 512)
(9562, 2, 510, 511, 512)
(9563, 2, 510, 511, 512)
(9564, 2, 510, 511, 512)
(9565, 2, 510, 511, 512)
(9566, 2, 510, 511, 512)
(9567, 2, 510, 511, 512)
(9568, 2, 510, 511, 512)
(9569, 2, 510, 511, 512)
(9570, 2, 510, 511, 512)
(9571, 2, 510, 511, 512)
(9572, 2, 510, 511, 512)
(9573, 2, 510, 511, 512)
(9574, 2, 510, 511, 512)
(9575, 2, 510, 511, 512)
(9576, 2, 510, 511, 512)
(9577, 2, 510, 511, 512)
(9578, 2, 510, 511, 512)
(9579, 2, 510, 511, 512)
(9580, 2, 510, 511, 512)
(9581, 2, 510, 511, 512)
(9582, 2, 510, 511, 512)
(9583, 2, 510, 511, 512)
(9584, 2, 510, 511, 512)
(9585, 2, 510, 511, 512)
(9586, 2, 510, 511, 512)
(9587, 2, 510, 511, 512)
(9588, 2, 510, 511, 512)
(9589, 2, 510, 511, 512)
(9590, 2, 510, 511, 512)
(9591, 2, 510, 511, 512)
(9592, 2, 510, 511, 512)
(9593, 2, 510, 511, 512)
(9594, 2, 510, 511, 512)
(9595, 2, 510, 511, 512)
(9596, 2, 510, 511, 512)
(9597, 2, 510, 511, 512)
(9598, 2, 510, 511, 512)
(9599, 2, 510, 511, 512)
(9600, 2, 510, 511, 512)
(9601, 2, 510, 511, 512)
(9602, 2, 510, 511, 512)
(9603, 2, 510, 511, 512)
(9604, 2, 510, 511, 512)
(9605, 2, 510, 511, 512)
(9606, 2, 510, 511, 512)
(9607, 2, 510, 511, 512)
(9608, 2, 510, 511, 512)
(9609, 2, 510, 511, 512)
(9610, 2, 510, 511, 512)
(9611, 2, 510, 511, 512)
(9612, 2, 510, 511, 512)
(9613, 2, 510, 511, 512)
(9614, 2, 510, 511, 512)
(9615, 2, 510, 511, 512)
(9616, 2, 510, 511, 512)
(9617, 2, 510, 511, 512)
(9618, 2, 510, 511, 512)
(9619, 2, 510, 511, 512)
(9620, 2, 510, 511, 512)
(9621, 2, 510, 511, 512)
(9622, 2, 510, 511, 512)
(9623, 2, 510, 511, 512)
(9624, 2, 510, 511, 512)
(9625, 2, 510, 511, 512)
(9626, 2, 510, 511, 512)
(9627, 2, 510, 511, 512)
(9628, 2, 510, 511, 512)
(9629, 2, 510, 511, 512)
(9630, 2, 510, 511, 512)
(9631, 2, 510, 511, 512)
(9632, 2, 510, 511, 512)
(9633, 2, 510, 511, 512)
(9634, 2, 510, 511, 512)
(9635, 2, 510, 511, 512)
(9636, 2, 510, 511, 512)
(9637, 2, 510, 511, 512)
(9638, 2, 510, 511, 512)
(9639, 2, 510, 511, 512)
(9640, 2, 510, 511, 512)
(9641, 2, 510, 511, 512)
(9642, 2, 510, 511, 512)
(9643, 2, 510, 511, 512)
(9644, 2, 510, 511, 512)
(9645, 2, 510, 511, 512)
(9646, 2, 510, 511, 512)
(9647, 2, 510, 511, 512)
(9648, 2, 510, 511, 512)
(9649, 2, 510, 511, 512)
(9650, 2, 510, 511, 512)
(9651, 2, 510, 511, 512)
(9652, 2, 510, 511, 512)
(9653, 2, 510, 511, 512)
(9654, 2, 510, 511, 512)
(9655, 2, 510, 511, 512)
(9656, 2, 510, 511, 512)
(9657, 2, 510, 511, 512)
(9658, 2, 510, 511, 512)
(9659, 2, 510, 511, 512)
(9660, 2, 510, 511, 512)
(9661, 2, 510, 511, 512)
(9662, 2, 510, 511, 512)
(9663, 2, 510, 511, 512)
(9664, 2, 510, 511, 512)
(9665, 2, 510, 511, 512)
(9666, 2, 510, 511, 512)
(9667, 2, 510, 511, 512)
(9668, 2, 510, 511, 512)
(9669, 2, 510, 511, 512)
(9670, 2, 510, 511, 512)
(9671, 2, 510, 511, 512)
(9672, 2, 510, 511, 512)
(9673, 2, 510, 511, 512)
(9674, 2, 510, 511, 512)
(9675, 2, 510, 511, 512)
(9676, 2, 510, 511, 512)
(9677, 2, 510, 511, 512)
(9678, 2, 510, 511, 512)
(9679, 2, 510, 511, 512)
(9680, 2, 510, 511, 512)
(9681, 2, 510, 511, 512)
(9682, 2, 510, 511, 512)
(9683, 2, 510, 511, 512)
(9684, 2, 510, 511, 512)
(9685, 2, 510, 511, 512)
(9686, 2, 510, 511, 512)
(9687, 2, 510, 511, 512)
(9688, 2, 510, 511, 512)
(9689, 2, 510, 511, 512)
(9690, 2, 510, 511, 512)
(9691, 2, 510, 511, 512)
(9692, 2, 510, 511, 512)
(9693, 2, 510, 511, 512)
(9694, 2, 510, 511, 512)
(9695, 2, 510, 511, 512)
(9696, 2, 510, 511, 512)
(9697, 2, 510, 511, 512)
(9698, 2, 510, 511, 512)
(9699, 2, 510, 511, 512)
(9700, 2, 510, 511, 512)
(9701, 2, 510, 511, 512)
(9702, 2, 510, 511, 512)
(9703, 2, 510, 511, 512)
(9704, 2, 510, 511, 512)
(9705, 2, 512, 511, 510)
(9706, 2, 512, 511, 510)
(9707, 2, 512, 511, 510)
(9708, 2, 512, 511, 510)
(9709, 2, 512, 511, 510)
(9710, 2, 512, 511, 510)
(9711, 2, 512, 511, 510)
(9712, 2, 512, 511, 510)
(9713, 2, 512, 511, 510)
(9714, 2, 512, 511, 510)
(9715, 2, 512, 511, 510)
(9716, 2, 512, 511, 510)
(9717, 2, 512, 511, 510)
(9718, 2, 512, 511, 510)
(9719, 2, 512, 511, 510)
(9720, 2, 512, 511, 510)
(9721, 2, 512, 511, 510)
(9722, 2, 512, 511, 510)
(9723, 2, 512, 511, 510)
(9724, 2, 512, 511, 510)
(9725, 2, 512, 511, 510)
(9726, 2, 512, 511, 510)
(9727, 2, 512, 511, 510)
(9728, 2, 512, 511, 510)
(9729, 2, 512, 511, 510)
(9730, 2, 512, 511, 510)
(9731, 2, 512, 511, 510)
(9732, 2, 512, 511, 510)
(9733, 2, 512, 511, 510)
(9734, 2, 512, 511, 510)
(9735, 2, 512, 511, 510)
(9736, 2, 512, 511, 510)
(9737, 2, 512, 511, 510)
(9738, 2, 512, 511, 510)
(9739, 2, 512, 511, 510)
(9740, 2, 512, 511, 510)
(9741, 2, 512, 511, 510)
(9742, 2, 512, 511, 510)
(9743, 2, 512, 511, 510)
(9744, 2, 512, 511, 510)
(9745, 2, 512, 511, 510)
(9746, 2, 512, 511, 510)
(9747, 2, 512, 511, 510)
(9748, 2, 512, 511, 510)
(9749, 2, 512, 511, 510)
(9750, 2, 512, 511, 510)
(9751, 2, 512, 511, 510)
(9752, 2, 512, 511, 510)
(9753, 2, 512, 511, 510)
(9754, 2, 512, 511, 510)
(9755, 2, 512, 511, 510)
(9756, 2, 512, 511, 510)
(9757, 2, 512, 511, 510)
(9758, 2, 512, 511, 510)
(9759, 2, 512, 511, 510)
(9760, 2, 512, 511, 510)
(9761, 2, 512, 511, 510)
(9762, 2, 512, 511, 510)
(9763, 2, 512, 511, 510)
(9764, 2, 512, 511, 510)
(9765, 2, 512, 511, 510)
(9766, 2, 512, 511, 510)
(9767, 2, 512, 511, 510)
(9768, 2, 512, 511, 510)
(9769, 2, 512, 511, 510)
(9770, 2, 512, 511, 510)
(9771, 2, 512, 511, 510)
(9772, 2, 512, 511, 510)
(9773, 2, 512, 511, 510)
(9774, 2, 512, 511, 510)
(9775, 2, 512, 511, 510)
(9776, 2, 512, 511, 510)
(9777, 2, 512, 511, 510)
(9778, 2, 512, 511, 510)
(9779, 2, 512, 511, 510)
(9780, 2, 512, 511, 510)
(9781, 2, 512, 511, 510)
(9782, 2, 512, 511, 510)
(9783, 2, 512, 511, 510)
(9784, 2, 512, 511, 510)
(9785, 2, 512, 511, 510)
(9786, 2, 512, 511, 510)
(9787, 2, 512, 511, 510)
(9788, 2, 512, 511, 510)
(9789, 2, 512, 511, 510)
(9790, 2, 512, 511, 510)
(9791, 2, 512, 511, 510)
(9792, 2, 512, 511, 510)
(9793, 2, 512, 511, 510)
(9794, 2, 512, 511, 510)
(9795, 2, 512, 511, 510)
(9796, 2, 512, 511, 510)
(9797, 2, 512, 511, 510)
(9798, 2, 512, 511, 510)
(9799, 2, 512, 511, 510)
(9800, 2, 512, 511, 510)
(9801, 2, 512, 511, 510)
(9802, 2, 512, 511, 510)
(9803, 2, 512, 511, 510)
(9804, 2, 512, 511, 510)
(9805, 2, 512, 511, 510)
(9806, 2, 512, 511, 510)
(9807, 2, 512, 511, 510)
(9808, 2, 512, 511, 510)
(9809, 2, 512, 511, 510)
(9810, 2, 512, 511, 510)
(9811, 2, 512, 511, 510)
(9812, 2, 512, 511, 510)
(9813, 2, 512, 511, 510)
(9814, 2, 512, 511, 510)
(9815, 2, 512, 511, 510)
(9816, 2, 512, 511, 510)
(9817, 2, 512, 511, 510)
(9818, 2, 512, 511, 510)
(9819, 2, 512, 511, 510)
(9820, 2, 512, 511, 510)
(9821, 2, 512, 511, 510)
(9822, 2, 512, 511, 510)
(9823, 2, 512, 511, 510)
(9824, 2, 512, 511, 510)
(9825, 2, 512, 511, 510)
(9826, 2, 512, 511, 510)
(9827, 2, 512, 511, 510)
(9828, 2, 512, 511, 510)
(9829, 2, 512, 511, 510)
(9830, 2, 512, 511, 510)
(9831, 2, 512, 511, 510)
(9832, 2, 512, 511, 510)
(9833, 2, 512, 511, 510)
(9834, 2, 512, 511, 510)
(9835, 2, 512, 511, 510)
(9836, 2, 512, 511, 510)
(9837, 2, 512, 511, 510)
(9838, 2, 512, 511, 510)
(9839, 2, 512, 511, 510)
(9840, 2, 512, 511, 510)
(9841, 2, 512, 511, 510)
(9842, 2, 512, 511, 510)
(9843, 2, 512, 511, 510)
(9844, 2, 512, 511, 510)
(9845, 2, 512, 511, 510)
(9846, 2, 512, 511, 510)
(9847, 2, 512, 511, 510)
(9848, 2, 512, 511, 510)
(9849, 2, 512, 511, 510)
(9850, 2, 512, 511, 510)
(9851, 2, 512, 511, 510)
(9852, 2, 512, 511, 510)
(9853, 2, 512, 511, 510)
(9854, 2, 512, 511, 510)
(9855, 2, 512, 511, 510)
(9856, 2, 512, 511, 510)
(9857, 2, 512, 511, 510)
(9858, 2, 512, 511, 510)
(9859, 2, 512, 511, 510)
(9860, 2, 512, 511, 510)
(9861, 2, 512, 511, 510)
(9862, 2, 512, 511, 510)
(9863, 2, 512, 511, 510)
(9864, 2, 512, 511, 510)
(9865, 2, 512, 511, 510)
(9866, 2, 512, 511, 510)
(9867, 2, 512, 511, 510)
(9868, 2, 512, 511, 510)
(9869, 2, 512, 511, 510)
(9870, 2, 512, 511, 510)
(9871, 2, 512, 511, 510)
(9872, 2, 512, 511, 510)
(9873, 2, 512, 511, 510)
(9874, 2, 512, 511, 510)
(9875, 2, 512, 511, 510)
(9876, 2, 512, 511, 510)
(9877, 2, 512, 511, 510)
(9878, 2, 512, 511, 510)
(9879, 2, 512, 511, 510)
(9880, 2, 512, 511, 510)
(9881, 2, 512, 511, 510)
(9882, 2, 512, 511, 510)
(9883, 2, 512, 511, 510)
(9884, 2, 512, 511, 510)
(9885, 2, 512, 511, 510)
(9886, 2, 512, 511, 510)
(9887, 2, 512, 511, 510)
(9888, 2, 512, 511, 510)
(9889, 2, 512, 511, 510)
(9890, 2, 512, 511, 510)
(9891, 2, 512, 511, 510)
(9892, 2, 512, 511, 510)
(9893, 2, 512, 511, 510)
(9894, 2, 512, 511, 510)
(9895, 2, 512, 511, 510)
(9896, 2, 512, 511, 510)
(9897, 2, 512, 511, 510)
(9898, 2, 512, 511, 510)
(9899, 2, 512, 511, 510)
(9900, 2, 512, 511, 510)
(9901, 2, 512, 511, 510)
(9902, 2, 512, 511, 510)
(9903, 2, 512, 511, 510)
(9904, 2, 512, 511, 510)
(9905, 2, 512, 511, 510)
(9906, 2, 512, 511, 510)
(9907, 2, 512, 511, 510)
(9908, 2, 512, 511, 510)
(9909, 2, 512, 511, 510)
(9910, 2, 512, 511, 510)
(9911, 2, 512, 511, 510)
(9912, 2, 512, 511, 510)
(9913, 2, 512, 511, 510)
(9914, 2, 512, 511, 510)
(9915, 2, 512, 511, 510)
(9916, 2, 512, 511, 510)
(9917, 2, 512, 511, 510)
(9918, 2, 512, 511, 510)
(9919, 2, 512, 511, 510)
(9920, 2, 512, 511, 510)
(9921, 2, 512, 511, 510)
(9922, 2, 512, 511, 510)
(9923, 2, 512, 511, 510)
(9924, 2, 512, 511, 510)
(9925, 2, 512, 511, 510)
(9926, 2, 512, 511, 510)
(9927, 2, 512, 511, 510)
(9928, 2, 512, 511, 510)
(9929, 2, 512, 511, 510)
(9930, 2, 512, 511, 510)
(9931, 2, 512, 511, 510)
(9932, 2, 512, 511, 510)
(9933, 2, 512, 511, 510)
(9934, 2, 512, 511, 510)
(9935, 2, 512, 511, 510)
(9936, 2, 512, 511, 510)
(9937, 2, 512, 511, 510)
(9938, 2, 512, 511, 510)
(9939, 2, 512, 511, 510)
(9940, 2, 512, 511, 510)
(9941, 2, 512, 511, 510)
(9942, 2, 512, 511, 510)
(9943, 2, 512, 511, 510)
(9944, 2, 512, 511, 510)
(9945, 2, 512, 511, 510)
(9946, 2, 512, 511, 510)
(9947, 2, 512, 511, 510)
(9948, 2, 512, 511, 510)
(9949, 2, 512, 511, 510)
(9950, 2, 512, 511, 510)
(9951, 2, 512, 511, 510)
(9952, 2, 512, 511, 510)
(9953, 2, 512, 511, 510)
(9954, 2, 512, 511, 510)
(9955, 2, 512, 511, 510)
(9956, 2, 512, 511, 510)
(9957, 2, 512, 511, 510)
(9958, 2, 512, 511, 510)
(9959, 2, 512, 511, 510)
(9960, 2, 512, 511, 510)
(9961, 2, 512, 511, 510)
(9962, 2, 512, 511, 510)
(9963, 2, 512, 511, 510)
(9964, 2, 512, 511, 510)
(9965, 2, 512, 511, 510)
(9966, 2, 512, 511, 510)
(9967, 2, 512, 511, 510)
(9968, 2, 512, 511, 510)
(9969, 2, 512, 511, 510)
(9970, 2, 512, 511, 510)
(9971, 2, 512, 511, 510)
(9972, 2, 512, 511, 510)
(9973, 2, 512, 511, 510)
(9974, 2, 512, 511, 510)
(9975, 2, 512, 511, 510)
(9976, 2, 512, 511, 510)
(9977, 2, 512, 511, 510)
(9978, 2, 512, 511, 510)
(9979, 2, 512, 511, 510)
(9980, 2, 512, 511, 510)
(9981, 2, 512, 511, 510)
(9982, 2, 512, 511, 510)
(9983, 2, 512, 511, 510)
(9984, 2, 512, 511, 510)
(9985, 2, 512, 511, 510)
(9986, 2, 512, 511, 510)
(9987, 2, 512, 511, 510)
(9988, 2, 512, 511, 510)
(9989, 2, 512, 511, 510)
(9990, 2, 512, 511, 510)
(9991, 2, 512, 511, 510)
(9992, 2, 512, 511, 510)
(9993, 2, 512, 511, 510)
(9994, 2, 512, 511, 510)
(9995, 2, 512, 511, 510)
(9996, 2, 512, 511, 510)
(9997, 2, 512, 511, 510)
(9998, 2, 512, 511, 510)
(9999, 2, 512, 511, 510)
(10000, 2, 512, 511, 510)
(10001, 2, 512, 511, 510)
(10002, 2, 512, 511, 510)
(10003, 2, 512, 511, 510)
(10004, 2, 512, 511, 510)
(10005, 2, 512, 511, 510)
(10006, 2, 512, 511, 510)
(10007, 2, 512, 511, 510)
(10008, 2, 512, 511, 510)
(10009, 2, 512, 511, 510)
(10010, 2, 512, 511, 510)
(10011, 2, 512, 511, 510)
(10012, 2, 512, 511, 510)
(10013, 2, 512, 511, 510)
(10014, 2, 512, 511, 510)
(10015, 2, 512, 511, 510)
(10016, 2, 512, 511, 510)
(10017, 2, 512, 511, 510)
(10018, 2, 512, 511, 510)
(10019, 2, 512, 511, 510)
(10020, 2, 512, 511, 510)
(10021, 2, 512, 511, 510)
(10022, 2, 512, 511, 510)
(10023, 2, 512, 511, 510)
(10024, 2, 512, 511, 510)
(10025, 2, 512, 511, 510)
(10026, 2, 512, 511, 510)
(10027, 2, 512, 511, 510)
(10028, 2, 512, 511, 510)
(10029, 2, 512, 511, 510)
(10030, 2, 512, 511, 510)
(10031, 2, 512, 511, 510)
(10032, 2, 512, 511, 510)
(10033, 2, 512, 511, 510)
(10034, 2, 512, 511, 510)
(10035, 2, 512, 511, 510)
(10036, 2, 512, 511, 510)
(10037, 2, 512, 511, 510)
(10038, 2, 512, 511, 510)
(10039, 2, 512, 511, 510)
(10040, 2, 512, 511, 510)
(10041, 2, 512, 511, 510)
(10042, 2, 512, 511, 510)
(10043, 2, 512, 511, 510)
(10044, 2, 512, 511, 510)
(10045, 2, 512, 511, 510)
(10046, 2, 512, 511, 510)
(10047, 2, 512, 511, 510)
(10048, 2, 512, 511, 510)
(10049, 2, 512, 511, 510)
(10050, 2, 512, 511, 510)
(10051, 2, 512, 511, 510)
(10052, 2, 512, 511, 510)
(10053, 2, 512, 511, 510)
(10054, 2, 512, 511, 510)
(10055, 2, 512, 511, 510)
(10056, 2, 512, 511, 510)
(10057, 2, 512, 511, 510)
(10058, 2, 512, 511, 510)
(10059, 2, 512, 511, 510)
(10060, 2, 512, 511, 510)
(10061, 2, 512, 511, 510)
(10062, 2, 512, 511, 510)
(10063, 2, 512, 511, 510)
(10064, 2, 512, 511, 510)
(10065, 2, 512, 511, 510)
(10066, 2, 512, 511, 510)
(10067, 2, 512, 511, 510)
(10068, 2, 512, 511, 510)
(10069, 2, 512, 511, 510)
(10070, 2, 512, 511, 510)
(10071, 2, 512, 511, 510)
(10072, 2, 512, 511, 510)
(10073, 2, 512, 511, 510)
(10074, 2, 512, 511, 510)
(10075, 2, 512, 511, 510)
(10076, 2, 512, 511, 510)
(10077, 2, 512, 511, 510)
(10078, 2, 512, 511, 510)
(10079, 2, 512, 511, 510)
(10080, 2, 512, 511, 510)
(10081, 2, 512, 511, 510)
(10082, 2, 512, 511, 510)
(10083, 2, 512, 511, 510)
(10084, 2, 512, 511, 510)
(10085, 2, 512, 511, 510)
(10086, 2, 512, 511, 510)
(10087, 2, 512, 511, 510)
(10088, 2, 512, 511, 510)
(10089, 2, 512, 511, 510)
(10090, 2, 512, 511, 510)
(10091, 2, 512, 511, 510)
(10092, 2, 512, 511, 510)
(10093, 2, 512, 511, 510)
(10094, 2, 512, 511, 510)
(10095, 2, 512, 511, 510)
(10096, 2, 512, 511, 510)
(10097, 2, 512, 511, 510)
(10098, 2, 512, 511, 510)
(10099, 2, 512, 511, 510)
(10100, 2, 512, 511, 510)
(10101, 2, 512, 511, 510)
(10102, 2, 512, 511, 510)
(10103, 2, 512, 511, 510)
(10104, 2, 512, 511, 510)
(10105, 2, 512, 511, 510)
(10106, 2, 512, 511, 510)
(10107, 2, 512, 511, 510)
(10108, 2, 512, 511, 510)
(10109, 2, 512, 511, 510)
(10110, 2, 512, 511, 510)
(10111, 2, 512, 511, 510)
(10112, 2, 512, 511, 510)
(10113, 2, 512, 511, 510)
(10114, 2, 512, 511, 510)
(10115, 2, 512, 511, 510)
(10116, 2, 512, 511, 510)
(10117, 2, 512, 511, 510)
(10118, 2, 512, 511, 510)
(10119, 2, 512, 511, 510)
(10120, 2, 512, 511, 510)
(10121, 2, 512, 511, 510)
(10122, 2, 512, 511, 510)
(10123, 2, 512, 511, 510)
(10124, 2, 512, 511, 510)
(10125, 2, 512, 511, 510)
(10126, 2, 512, 511, 510)
(10127, 2, 512, 511, 510)
(10128, 2, 512, 511, 510)
(10129, 2, 512, 511, 510)
(10130, 2, 512, 511, 510)
(10131, 2, 512, 511, 510)
(10132, 2, 512, 511, 510)
(10133, 2, 512, 511, 510)
(10134, 2, 512, 511, 510)
(10135, 2, 512, 511, 510)
(10136, 2, 512, 511, 510)
(10137, 2, 512, 511, 510)
(10138, 2, 512, 511, 510)
(10139, 2, 512, 511, 510)
(10140, 2, 512, 511, 510)
(10141, 2, 512, 511, 510)
(10142, 2, 512, 511, 510)
(10143, 2, 512, 511, 510)
(10144, 2, 512, 511, 510)
(10145, 2, 512, 511, 510)
(10146, 2, 512, 511, 510)
(10147, 2, 512, 511, 510)
(10148, 2, 512, 511, 510)
(10149, 2, 512, 511, 510)
(10150, 2, 512, 511, 510)
(10151, 2, 512, 511, 510)
(10152, 2, 512, 511, 510)
(10153, 2, 512, 511, 510)
(10154, 2, 512, 511, 510)
(10155, 2, 512, 511, 510)
(10156, 2, 512, 511, 510)
(10157, 2, 512, 511, 510)
(10158, 2, 512, 511, 510)
(10159, 2, 512, 511, 510)
(10160, 2, 512, 511, 510)
(10161, 2, 512, 511, 510)
(10162, 2, 512, 511, 510)
(10163, 2, 512, 511, 510)
(10164, 2, 512, 511, 510)
(10165, 2, 512, 511, 510)
(10166, 2, 512, 511, 510)
(10167, 2, 512, 511, 510)
(10168, 2, 512, 511, 510)
(10169, 2, 512, 511, 510)
(10170, 2, 512, 511, 510)
(10171, 2, 512, 511, 510)
(10172, 2, 512, 511, 510)
(10173, 2, 512, 511, 510)
(10174, 2, 512, 511, 510)
(10175, 2, 512, 511, 510)
(10176, 2, 512, 511, 510)
(10177, 2, 512, 511, 510)
(10178, 2, 512, 511, 510)
(10179, 2, 512, 511, 510)
(10180, 2, 512, 511, 510)
(10181, 2, 512, 511, 510)
(10182, 2, 512, 511, 510)
(10183, 2, 512, 511, 510)
(10184, 2, 512, 511, 510)
(10185, 2, 512, 511, 510)
(10186, 2, 512, 511, 510)
(10187, 2, 512, 511, 510)
(10188, 2, 512, 511, 510)
(10189, 2, 512, 511, 510)
(10190, 2, 512, 511, 510)
(10191, 2, 512, 511, 510)
(10192, 2, 512, 511, 510)
(10193, 2, 512, 511, 510)
(10194, 2, 512, 511, 510)
(10195, 2, 512, 511, 510)
(10196, 2, 512, 511, 510)
(10197, 2, 512, 511, 510)
(10198, 2, 512, 511, 510)
(10199, 2, 512, 511, 510)
(10200, 2, 512, 511, 510)
(10201, 2, 512, 511, 510)
(10202, 2, 512, 511, 510)
(10203, 2, 512, 511, 510)
(10204, 2, 512, 511, 510)
(10205, 2, 512, 511, 510)
(10206, 2, 512, 511, 510)
(10207, 2, 512, 511, 510)
(10208, 2, 512, 511, 510)
(10209, 2, 512, 511, 510)
(10210, 2, 512, 511, 510)
(10211, 2, 512, 511, 510)
(10212, 2, 512, 511, 510)
(10213, 2, 512, 511, 510)
(10214, 2, 512, 511, 510)
(10215, 2, 512, 511, 510)
(10216, 2, 512, 511, 510)